000000000000800100000000009000000000000006000000080060000000000004000000000000050
147239586259864137368157429416372895582496713793581264625713948834925671971648352
700000000000000100020000009000000000000006000000080000000000000004000000000000050
746159238359248176128367549261593487483716925597482361615824793834975612972631854
000000000000800100020000009000000000000006000000080060000000000004000000000000050
157239648369854127428167539246371895581496273793582461615743982834925716972618354
000000000000800100020000009000000000000006000030080060000000000004000000000000050
165239748397845126428167539246371895581496372739582461612754983854923617973618254
000000000000000100020000009000000000000006000000080060000000000004000000000000050
157239846369458127428167539246391785581726394793584261615842973834975612972613458
700000000000800100000000009000000000000006000000080060000000000000000000000000050
736149528249835176158267439361472895482596713597381264613754982825913647974628351
700000000000800100020000009000000000000006000030080060000000000000000000000000050
745129386369845127128367549286453791491276835537981462612534978853792614974618253
700000000000800100020000009000000000000006000030080060000000000004000000000000050
745129386369845127128367549286453791491276835537981264612534978854792613973618452
700000000000800100020000009000000000000006000000080000000000000004000000000000050
746129538359847126128365479261473895483596217597281643615734982834952761972618354
000000000000800100020000009000000000000006000030080060000000000004000000000000050
165239748397845126428167539246371895581496372739582461612754983854923617973618254
700000000000800100020000009000000000000006000000080060000000000004000000000000050
746129538359847126128365749261473895483596217597281364615734982834952671972618453
700000000000000100020000009000000000000006000030080060000000000004000000000000050
745169328369248175128357649286473591491526837537981462612735984854692713973814256
700000000000800100020000009000000000000006000030080060000000000004000000000000050
745129386369845127128367549286453791491276835537981264612534978854792613973618452
000000000000800000020000009000000000000000000030080000000000000004000000000000050
175239468396845217428167539241376895587491326639582741712654983854913672963728154
700000000000800000020000009000000000000006000000080060000000000004000000000000050
746129538159837246328465179261374895483596721597281364615743982834952617972618453
700000000000000100020000009000000000000000000030080060000000000004000000000000050
745169328369248175128357649281476593496523817537981462612735984854692731973814256
700000000000000100020000009000000000000000000000080060000000000000000000000000050
746159832359248176128367549261573498483692715597481263612735984835914627974826351
