700000000000000100020000009000000000000006000030080060000000000004000000000000050
700000000000000000020000009000000000000006000030000060000000000004000000000000000
700000000000000000020000009000000000000006000030000060000000000004000000000000000
700000000000000000020000009000000000000006000030000060000000000000000000000000000
700000000000000000020000009000000000000000000030000060000000000000000000000000000
000000000000000000020000000000000000000000000030000060000000000000000000000000000
000000000000000000000000000000000000000000000000000000000000000000000000000000000
000000000000000000000000000000000000000000000000000000000000000000000000000000000
000000000000000000000000000000000000000000000000000000000000000000000000000000000
000000000000000000000000000000000000000000000000000000000000000000000000000000000
000000000000000000000000000000000000000000000000000000000000000000000000000000000
000000000000000000000000000000000000000000000000000000000000000000000000000000000
